digraph Tree {
node [shape=box] ;
0 [label="X[386] <= -0.5341\ngini = 0.96\nsamples = 120\nvalue = [6, 6, 6, 6, 6, 6, 6, 6, 4, 4, 4, 4, 4, 4, 4, 4, 4, 4\n4, 4, 4, 4, 4, 4, 4, 4]"] ;
1 [label="X[361] <= 0.4861\ngini = 0.9584\nsamples = 114\nvalue = [6, 6, 0, 6, 6, 6, 6, 6, 4, 4, 4, 4, 4, 4, 4, 4, 4, 4\n4, 4, 4, 4, 4, 4, 4, 4]"] ;
0 -> 1 [labeldistance=2.5, labelangle=45, headlabel="True"] ;
2 [label="X[584] <= 0.0\ngini = 0.9575\nsamples = 109\nvalue = [6, 6, 0, 6, 6, 6, 1, 6, 4, 4, 4, 4, 4, 4, 4, 4, 4, 4\n4, 4, 4, 4, 4, 4, 4, 4]"] ;
1 -> 2 ;
3 [label="X[473] <= -0.2117\ngini = 0.954\nsamples = 98\nvalue = [6, 6, 0, 5, 6, 6, 1, 0, 4, 4, 4, 4, 4, 4, 4, 4, 4, 4\n4, 4, 4, 4, 4, 0, 4, 4]"] ;
2 -> 3 ;
4 [label="X[20] <= 0.1548\ngini = 0.375\nsamples = 8\nvalue = [0, 0, 0, 0, 0, 6, 0, 0, 0, 0, 0, 0, 0, 0, 0, 0, 0, 0\n2, 0, 0, 0, 0, 0, 0, 0]"] ;
3 -> 4 ;
5 [label="gini = 0.0\nsamples = 2\nvalue = [0, 0, 0, 0, 0, 0, 0, 0, 0, 0, 0, 0, 0, 0, 0, 0, 0, 0\n2, 0, 0, 0, 0, 0, 0, 0]"] ;
4 -> 5 ;
6 [label="gini = 0.0\nsamples = 6\nvalue = [0, 0, 0, 0, 0, 6, 0, 0, 0, 0, 0, 0, 0, 0, 0, 0, 0, 0\n0, 0, 0, 0, 0, 0, 0, 0]"] ;
4 -> 6 ;
7 [label="X[459] <= 0.4656\ngini = 0.9514\nsamples = 90\nvalue = [6, 6, 0, 5, 6, 0, 1, 0, 4, 4, 4, 4, 4, 4, 4, 4, 4, 4\n2, 4, 4, 4, 4, 0, 4, 4]"] ;
3 -> 7 ;
8 [label="X[200] <= 0.0803\ngini = 0.89\nsamples = 42\nvalue = [0, 6, 0, 5, 6, 0, 1, 0, 0, 0, 0, 0, 0, 0, 0, 4, 4, 0\n0, 4, 4, 4, 0, 0, 0, 4]"] ;
7 -> 8 ;
9 [label="X[505] <= 0.2303\ngini = 0.8599\nsamples = 34\nvalue = [0, 6, 0, 5, 6, 0, 1, 0, 0, 0, 0, 0, 0, 0, 0, 4, 0, 0\n0, 4, 0, 4, 0, 0, 0, 4]"] ;
8 -> 9 ;
10 [label="gini = 0.0\nsamples = 5\nvalue = [0, 0, 0, 0, 5, 0, 0, 0, 0, 0, 0, 0, 0, 0, 0, 0, 0, 0\n0, 0, 0, 0, 0, 0, 0, 0]"] ;
9 -> 10 ;
11 [label="X[519] <= 0.3119\ngini = 0.849\nsamples = 29\nvalue = [0, 6, 0, 5, 1, 0, 1, 0, 0, 0, 0, 0, 0, 0, 0, 4, 0, 0\n0, 4, 0, 4, 0, 0, 0, 4]"] ;
9 -> 11 ;
12 [label="X[360] <= -0.8142\ngini = 0.7716\nsamples = 18\nvalue = [0, 0, 0, 5, 0, 0, 1, 0, 0, 0, 0, 0, 0, 0, 0, 4, 0, 0\n0, 4, 0, 0, 0, 0, 0, 4]"] ;
11 -> 12 ;
13 [label="gini = 0.0\nsamples = 5\nvalue = [0, 0, 0, 5, 0, 0, 0, 0, 0, 0, 0, 0, 0, 0, 0, 0, 0, 0\n0, 0, 0, 0, 0, 0, 0, 0]"] ;
12 -> 13 ;
14 [label="X[508] <= 0.4686\ngini = 0.7101\nsamples = 13\nvalue = [0, 0, 0, 0, 0, 0, 1, 0, 0, 0, 0, 0, 0, 0, 0, 4, 0, 0\n0, 4, 0, 0, 0, 0, 0, 4]"] ;
12 -> 14 ;
15 [label="gini = 0.0\nsamples = 4\nvalue = [0, 0, 0, 0, 0, 0, 0, 0, 0, 0, 0, 0, 0, 0, 0, 4, 0, 0\n0, 0, 0, 0, 0, 0, 0, 0]"] ;
14 -> 15 ;
16 [label="X[250] <= 0.6929\ngini = 0.5926\nsamples = 9\nvalue = [0, 0, 0, 0, 0, 0, 1, 0, 0, 0, 0, 0, 0, 0, 0, 0, 0, 0\n0, 4, 0, 0, 0, 0, 0, 4]"] ;
14 -> 16 ;
17 [label="gini = 0.0\nsamples = 4\nvalue = [0, 0, 0, 0, 0, 0, 0, 0, 0, 0, 0, 0, 0, 0, 0, 0, 0, 0\n0, 0, 0, 0, 0, 0, 0, 4]"] ;
16 -> 17 ;
18 [label="X[453] <= 0.005\ngini = 0.32\nsamples = 5\nvalue = [0, 0, 0, 0, 0, 0, 1, 0, 0, 0, 0, 0, 0, 0, 0, 0, 0, 0\n0, 4, 0, 0, 0, 0, 0, 0]"] ;
16 -> 18 ;
19 [label="gini = 0.0\nsamples = 4\nvalue = [0, 0, 0, 0, 0, 0, 0, 0, 0, 0, 0, 0, 0, 0, 0, 0, 0, 0\n0, 4, 0, 0, 0, 0, 0, 0]"] ;
18 -> 19 ;
20 [label="gini = 0.0\nsamples = 1\nvalue = [0, 0, 0, 0, 0, 0, 1, 0, 0, 0, 0, 0, 0, 0, 0, 0, 0, 0\n0, 0, 0, 0, 0, 0, 0, 0]"] ;
18 -> 20 ;
21 [label="X[280] <= 0.6393\ngini = 0.562\nsamples = 11\nvalue = [0, 6, 0, 0, 1, 0, 0, 0, 0, 0, 0, 0, 0, 0, 0, 0, 0, 0\n0, 0, 0, 4, 0, 0, 0, 0]"] ;
11 -> 21 ;
22 [label="X[330] <= -0.8927\ngini = 0.32\nsamples = 5\nvalue = [0, 0, 0, 0, 1, 0, 0, 0, 0, 0, 0, 0, 0, 0, 0, 0, 0, 0\n0, 0, 0, 4, 0, 0, 0, 0]"] ;
21 -> 22 ;
23 [label="gini = 0.0\nsamples = 1\nvalue = [0, 0, 0, 0, 1, 0, 0, 0, 0, 0, 0, 0, 0, 0, 0, 0, 0, 0\n0, 0, 0, 0, 0, 0, 0, 0]"] ;
22 -> 23 ;
24 [label="gini = 0.0\nsamples = 4\nvalue = [0, 0, 0, 0, 0, 0, 0, 0, 0, 0, 0, 0, 0, 0, 0, 0, 0, 0\n0, 0, 0, 4, 0, 0, 0, 0]"] ;
22 -> 24 ;
25 [label="gini = 0.0\nsamples = 6\nvalue = [0, 6, 0, 0, 0, 0, 0, 0, 0, 0, 0, 0, 0, 0, 0, 0, 0, 0\n0, 0, 0, 0, 0, 0, 0, 0]"] ;
21 -> 25 ;
26 [label="X[454] <= -0.3504\ngini = 0.5\nsamples = 8\nvalue = [0, 0, 0, 0, 0, 0, 0, 0, 0, 0, 0, 0, 0, 0, 0, 0, 4, 0\n0, 0, 4, 0, 0, 0, 0, 0]"] ;
8 -> 26 ;
27 [label="gini = 0.0\nsamples = 4\nvalue = [0, 0, 0, 0, 0, 0, 0, 0, 0, 0, 0, 0, 0, 0, 0, 0, 0, 0\n0, 0, 4, 0, 0, 0, 0, 0]"] ;
26 -> 27 ;
28 [label="gini = 0.0\nsamples = 4\nvalue = [0, 0, 0, 0, 0, 0, 0, 0, 0, 0, 0, 0, 0, 0, 0, 0, 4, 0\n0, 0, 0, 0, 0, 0, 0, 0]"] ;
26 -> 28 ;
29 [label="X[117] <= 0.805\ngini = 0.9132\nsamples = 48\nvalue = [6, 0, 0, 0, 0, 0, 0, 0, 4, 4, 4, 4, 4, 4, 4, 0, 0, 4\n2, 0, 0, 0, 4, 0, 4, 0]"] ;
7 -> 29 ;
30 [label="X[46] <= 0.5282\ngini = 0.9108\nsamples = 43\nvalue = [1, 0, 0, 0, 0, 0, 0, 0, 4, 4, 4, 4, 4, 4, 4, 0, 0, 4\n2, 0, 0, 0, 4, 0, 4, 0]"] ;
29 -> 30 ;
31 [label="X[16] <= -0.5481\ngini = 0.902\nsamples = 39\nvalue = [1, 0, 0, 0, 0, 0, 0, 0, 4, 4, 4, 0, 4, 4, 4, 0, 0, 4\n2, 0, 0, 0, 4, 0, 4, 0]"] ;
30 -> 31 ;
32 [label="gini = 0.0\nsamples = 4\nvalue = [0, 0, 0, 0, 0, 0, 0, 0, 0, 0, 0, 0, 0, 0, 0, 0, 0, 0\n0, 0, 0, 0, 0, 0, 4, 0]"] ;
31 -> 32 ;
33 [label="X[423] <= -0.6857\ngini = 0.8914\nsamples = 35\nvalue = [1, 0, 0, 0, 0, 0, 0, 0, 4, 4, 4, 0, 4, 4, 4, 0, 0, 4\n2, 0, 0, 0, 4, 0, 0, 0]"] ;
31 -> 33 ;
34 [label="X[208] <= 0.621\ngini = 0.8783\nsamples = 31\nvalue = [1, 0, 0, 0, 0, 0, 0, 0, 4, 4, 0, 0, 4, 4, 4, 0, 0, 4\n2, 0, 0, 0, 4, 0, 0, 0]"] ;
33 -> 34 ;
35 [label="X[197] <= -0.5168\ngini = 0.8615\nsamples = 27\nvalue = [1, 0, 0, 0, 0, 0, 0, 0, 4, 4, 0, 0, 4, 4, 4, 0, 0, 0\n2, 0, 0, 0, 4, 0, 0, 0]"] ;
34 -> 35 ;
36 [label="gini = 0.0\nsamples = 4\nvalue = [0, 0, 0, 0, 0, 0, 0, 0, 0, 0, 0, 0, 4, 0, 0, 0, 0, 0\n0, 0, 0, 0, 0, 0, 0, 0]"] ;
35 -> 36 ;
37 [label="X[109] <= 0.6192\ngini = 0.8393\nsamples = 23\nvalue = [1, 0, 0, 0, 0, 0, 0, 0, 4, 4, 0, 0, 0, 4, 4, 0, 0, 0\n2, 0, 0, 0, 4, 0, 0, 0]"] ;
35 -> 37 ;
38 [label="X[437] <= -0.0428\ngini = 0.8089\nsamples = 19\nvalue = [1, 0, 0, 0, 0, 0, 0, 0, 0, 4, 0, 0, 0, 4, 4, 0, 0, 0\n2, 0, 0, 0, 4, 0, 0, 0]"] ;
37 -> 38 ;
39 [label="X[481] <= -0.328\ngini = 0.7644\nsamples = 15\nvalue = [1, 0, 0, 0, 0, 0, 0, 0, 0, 4, 0, 0, 0, 0, 4, 0, 0, 0\n2, 0, 0, 0, 4, 0, 0, 0]"] ;
38 -> 39 ;
40 [label="gini = 0.0\nsamples = 4\nvalue = [0, 0, 0, 0, 0, 0, 0, 0, 0, 4, 0, 0, 0, 0, 0, 0, 0, 0\n0, 0, 0, 0, 0, 0, 0, 0]"] ;
39 -> 40 ;
41 [label="X[151] <= 0.4253\ngini = 0.6942\nsamples = 11\nvalue = [1, 0, 0, 0, 0, 0, 0, 0, 0, 0, 0, 0, 0, 0, 4, 0, 0, 0\n2, 0, 0, 0, 4, 0, 0, 0]"] ;
39 -> 41 ;
42 [label="gini = 0.0\nsamples = 4\nvalue = [0, 0, 0, 0, 0, 0, 0, 0, 0, 0, 0, 0, 0, 0, 4, 0, 0, 0\n0, 0, 0, 0, 0, 0, 0, 0]"] ;
41 -> 42 ;
43 [label="X[409] <= -0.3634\ngini = 0.5714\nsamples = 7\nvalue = [1, 0, 0, 0, 0, 0, 0, 0, 0, 0, 0, 0, 0, 0, 0, 0, 0, 0\n2, 0, 0, 0, 4, 0, 0, 0]"] ;
41 -> 43 ;
44 [label="gini = 0.0\nsamples = 4\nvalue = [0, 0, 0, 0, 0, 0, 0, 0, 0, 0, 0, 0, 0, 0, 0, 0, 0, 0\n0, 0, 0, 0, 4, 0, 0, 0]"] ;
43 -> 44 ;
45 [label="X[394] <= -0.9001\ngini = 0.4444\nsamples = 3\nvalue = [1, 0, 0, 0, 0, 0, 0, 0, 0, 0, 0, 0, 0, 0, 0, 0, 0, 0\n2, 0, 0, 0, 0, 0, 0, 0]"] ;
43 -> 45 ;
46 [label="gini = 0.0\nsamples = 1\nvalue = [1, 0, 0, 0, 0, 0, 0, 0, 0, 0, 0, 0, 0, 0, 0, 0, 0, 0\n0, 0, 0, 0, 0, 0, 0, 0]"] ;
45 -> 46 ;
47 [label="gini = 0.0\nsamples = 2\nvalue = [0, 0, 0, 0, 0, 0, 0, 0, 0, 0, 0, 0, 0, 0, 0, 0, 0, 0\n2, 0, 0, 0, 0, 0, 0, 0]"] ;
45 -> 47 ;
48 [label="gini = 0.0\nsamples = 4\nvalue = [0, 0, 0, 0, 0, 0, 0, 0, 0, 0, 0, 0, 0, 4, 0, 0, 0, 0\n0, 0, 0, 0, 0, 0, 0, 0]"] ;
38 -> 48 ;
49 [label="gini = 0.0\nsamples = 4\nvalue = [0, 0, 0, 0, 0, 0, 0, 0, 4, 0, 0, 0, 0, 0, 0, 0, 0, 0\n0, 0, 0, 0, 0, 0, 0, 0]"] ;
37 -> 49 ;
50 [label="gini = 0.0\nsamples = 4\nvalue = [0, 0, 0, 0, 0, 0, 0, 0, 0, 0, 0, 0, 0, 0, 0, 0, 0, 4\n0, 0, 0, 0, 0, 0, 0, 0]"] ;
34 -> 50 ;
51 [label="gini = 0.0\nsamples = 4\nvalue = [0, 0, 0, 0, 0, 0, 0, 0, 0, 0, 4, 0, 0, 0, 0, 0, 0, 0\n0, 0, 0, 0, 0, 0, 0, 0]"] ;
33 -> 51 ;
52 [label="gini = 0.0\nsamples = 4\nvalue = [0, 0, 0, 0, 0, 0, 0, 0, 0, 0, 0, 4, 0, 0, 0, 0, 0, 0\n0, 0, 0, 0, 0, 0, 0, 0]"] ;
30 -> 52 ;
53 [label="gini = 0.0\nsamples = 5\nvalue = [5, 0, 0, 0, 0, 0, 0, 0, 0, 0, 0, 0, 0, 0, 0, 0, 0, 0\n0, 0, 0, 0, 0, 0, 0, 0]"] ;
29 -> 53 ;
54 [label="X[208] <= 0.0713\ngini = 0.562\nsamples = 11\nvalue = [0, 0, 0, 1, 0, 0, 0, 6, 0, 0, 0, 0, 0, 0, 0, 0, 0, 0\n0, 0, 0, 0, 0, 4, 0, 0]"] ;
2 -> 54 ;
55 [label="X[132] <= -0.5616\ngini = 0.2449\nsamples = 7\nvalue = [0, 0, 0, 1, 0, 0, 0, 6, 0, 0, 0, 0, 0, 0, 0, 0, 0, 0\n0, 0, 0, 0, 0, 0, 0, 0]"] ;
54 -> 55 ;
56 [label="gini = 0.0\nsamples = 1\nvalue = [0, 0, 0, 1, 0, 0, 0, 0, 0, 0, 0, 0, 0, 0, 0, 0, 0, 0\n0, 0, 0, 0, 0, 0, 0, 0]"] ;
55 -> 56 ;
57 [label="gini = 0.0\nsamples = 6\nvalue = [0, 0, 0, 0, 0, 0, 0, 6, 0, 0, 0, 0, 0, 0, 0, 0, 0, 0\n0, 0, 0, 0, 0, 0, 0, 0]"] ;
55 -> 57 ;
58 [label="gini = 0.0\nsamples = 4\nvalue = [0, 0, 0, 0, 0, 0, 0, 0, 0, 0, 0, 0, 0, 0, 0, 0, 0, 0\n0, 0, 0, 0, 0, 4, 0, 0]"] ;
54 -> 58 ;
59 [label="gini = 0.0\nsamples = 5\nvalue = [0, 0, 0, 0, 0, 0, 5, 0, 0, 0, 0, 0, 0, 0, 0, 0, 0, 0\n0, 0, 0, 0, 0, 0, 0, 0]"] ;
1 -> 59 ;
60 [label="gini = 0.0\nsamples = 6\nvalue = [0, 0, 6, 0, 0, 0, 0, 0, 0, 0, 0, 0, 0, 0, 0, 0, 0, 0\n0, 0, 0, 0, 0, 0, 0, 0]"] ;
0 -> 60 [labeldistance=2.5, labelangle=-45, headlabel="False"] ;
}